6037
-2228
8712
-5951
9485
8354
1467
8089
559
9439
-4274
9278
-813
1156
-7528
1843
-9329
574
7493
-3503
8041
-4765
5585
-4116
8514
5665
-1705
6630
-6319
1103
-3050
4183
-5085
8411
-1415
-4015
2906
-6266
-716
5733
7104
7840
-111
-750
-6944
5979
-7409
-9542
-9492
-3176
1792
3135
-8015
713
-1579
-8435
4620
-7928
-1308
5031
-7905
-8333
3732
6541
8901
-8930
3308
-9194
-1337
5695
-3932
-3969
-3694
-5793
-8769
820
-7103
8684
6685
-1841
-4958
7507
-964
1755
5375
-1877
-2110
4780
5870
3352
-5870
-6621
5507
5277
3163
4991
6522
-3099
-2762
-5493
4594
6842
-1547
-4320
1635
-8125
7563
4840
-4325
5384
-6858
7859
2973
3433
2756
718
-9362
-7532
7939
-5685
9611
1943
-2955
-1223
-8572
-512
645
4525
2406
-230
2042
-4763
-8314
2263
-2603
9340
-5048
-9158
-7367
2947
-9355
1344
6150
9522
-3338
7739
3717
-4520
2020
-9065
1891
-6891
-3625
5893
2182
6185
-441
7472
8415
9774
-9811
8607
7079
341
8653
5767
4264
5046
-927
8173
7724
540
-3008
-7705
2884
-6921
3477
-3491
-3923
8688
-7558
5357
6798
-4411
2511
-9407
-5934
-8011
-7255
-7553
-3301
-2943
-6811
8170
-7285
2961
-1796
7879
6350
414
-1154
3390
-7632
-6772
1286
-5533
5724
2852
3384
-3667
-5036
-510
-323
-6649
3121
1458
-6505
2404
-2356
-7329
8329
4440
-4234
283
-7935
-4408
-4337
-2579
-509
8772
7504
9780
4512
6882
5819
-8289
-9449
9353
-4908
5144
-1214
-8974
6546
-9817
-7547
-921
2053
-2855
7240
-9924
5719
5443
-2091
-5938
5200
1919
4089
-4942
5283
-6844
1322
-7556
-8681
6702
-9964
-1231
2611
-6606
-5565
-4213
-5162
-643
2874
-7298
-2603
-3250
-5970
2505
2255
-6920
8700
8784
-6924
-3670
8955
-7329
-2924
3579
4056
9199
-8401
-9715
8749
-4267
1783
8732
-4711
7958
1351
8909
-2928
5682
-4247
-6666
123
-8375
-2091
-3532
6338
3365
7213
-9600
7700
8256
4194
7719
5214
2246
-3084
9064
5401
-5527
4810
-5510
6897
8982
-8863
-7248
6492
4983
9650
-7301
8293
86
-3855
-4557
7448
4308
-3232
-7587
-589
-7805
3525
-6599
2703
2774
3901
-331
6248
-2202
-7681
-3413
-9420
-4497
9600
1452
5239
-6805
-5121
-8692
-7755
1143
59
6068
7535
-120
-214
1970
6453
3598
-4346
1411
-6156
-5154
8452
568
8669
9566
-8466
4688
3307
-2840
6094
5204
-2565
-8043
-2459
4362
3518
9702
4130
8140
-2476
-6848
4276
7285
3586
4066
863
2860
-9556
-5684
7660
3455
-7018
-7054
8925
-8910
-9993
6646
-268
-5679
-1547
-9343
-1075
-4299
-2626
-6910
9997
-8888
2479
-6249
-3973
9675
-8408
3640
7523
-1975
-8426
7222
-3121
3913
4590
-1874
-8893
-4772
4763
-929
1206
6274
4281
1617
-9567
9498
1228
7851
7487
-5636
-5842
6995
3223
-5636
-9036
-8436
-1542
-9838
8728
-690
2654
-5469
8910
3751
-8637
4285
6737
-304
-4483
-1816
-6591
-7883
672
-9146
6924
5581
4854
-6521
2308
5446
6000
-4992
-1471
7742
989
-9838
8066
2793
-6091
8620
6911
5580
9589
-352
-9354
2141
1276
2021
6299
9051
-2604
-812
-340
2285
3740
9368
-5813
-1375
2551
-690
-6981
853
3534
-9713
-1639
-1290
-182
3420
4886
-8973
-3831
1494
7198
2500
8900
9588
9598
-1158
9624
-8585
-4091
-7511
-5622
-7131
-1157
986
-7893
-8375
6976
-7548
-6964
1603
3089
1343
2336
-4074
-353
5426
-3348
9195
1969
-8897
8044
-1091
6720
-6726
7508
7454
3024
9495
7312
5744
2980
4283
9221
-5640
3278
-7804
1480
2899
5816
-5015
-576
-350
1578
-5343
5595
-7221
1873
-3951
-4572
-7675
1376
-1766
2765
5666
4471
-5723
4031
5777
-349
7809
-2271
-2211
-4642
4188
-8036
8158
6695
-5353
-8292
-6650
-4397
4117
51
-7091
-7380
-1824
3286
9750
7589
-4452
-5897
1733
6149
8916
9124
-7842
-7576
-2808
-2711
-3929
4393
5895
-727
-9080
-7751
-8109
412
-4362
-6320
-2010
-8951
-522
-6221
-1144
1589
-608
-7446
7477
-3463
-8338
2515
3439
-4116
-3107
6152
6012
-4422
-552
3495
6904
-1411
-7887
-8717
4567
4793
-8246
4947
2503
-8742
3628
6958
-859
-3716
-926
1050
-4462
2920
-9385
-3225
475
-3598
-5069
-8693
-4645
1978
6156
-4731
-5353
-2763
-9504
-5539
7806
6919
7661
651
-9067
4101
4446
-7719
5151
505
-4648
-2670
-1510
3430
3401
5249
-404
4002
7787
-8137
-762
7502
-4955
-7340
5323
3953
407
2796
-8248
-3730
2163
6721
-7035
5086
-8162
3843
1993
-4167
-1278
961
4013
8063
-1989
-1708
7421
-1688
4747
-3131
9416
5244
8467
4385
-5543
2229
5181
4598
5048
-7451
-9956
8830
-7718
6093
1931
-350
-3688
-5607
1043
8895
-1691
4099
2467
-873
7413
8676
6974
-3975
8350
-8278
1666
-780
2114
-9409
-8696
5204
-4631
7867
6236
774
3466
-4331
3781
8157
4832
-9504
-8087
-4518
8768
2418
-1431
-4780
1811
7993
-9138
2504
-4569
-37
-2250
6202
-6145
-9823
3548
-5612
1859
2584
-2952
7601
8320
1340
8378
-304
-5192
-4548
-3805
6118
-1175
1114
305
-6582
-4526
-193
3815
-7568
263
5269
-2768
-1614
-2109
-129
5663
4743
-7397
4315
-7482
3226
3085
-8369
-8467
-8435
-7050
1546
-7257
-2239
3800
2177
-7940
9419
3353
2728
-6629
-648
6029
-4631
-42
-4594
4216
-4292
-906
3238
476
3252
-1141
-5280
-7622
8060
-6094
-1187
9799
-2629
1847
-1004
4466
530
6645
8270
-2294
-2232
-1851
-8348
-4834
-9018
-1798
-5230
-9852
-2908
-406
8053
-7894
-4963
-2416
9221
-4451
-9195
6489
-5345
3449
-5941
-9271
-9536
745
-3304
-1288
3279
8583
1761
9531
-869
4515
-8154
4260
-7645
-7533
5228
7314
-8006
3212
-8263
-6473
-7054
4601
446
347
1541
4139
-9011
7447
-1487
-1529
10
-2283
-1021
-4915
4841
-2258
5167
5381
1757
2712
9356
7071
-9371
-8917
2879
3715
-3159
9050
7103
1600
-79
7553
-299
8586
5281
2108
-4490
-5819
9830
-6097
5907
-7988
-468
9111
-4407
-4230
-4871
-9199
-5028
-4428
-9984
-1324
4751
-1223
-854
8776
3082
7386
-7658
4926
1763
5970
7588
7900
4809
-702
8368
-7528
2265
-5571
-9451
2150
-4402
4356
6826
4950
-4275
916
8315
-3165
8868
3261
-2114
4408
2017
-5979
3259
6665
18
7537
-9025
-1731